Camera.AngleAroundPlayer = 113.000000
Camera.FarZoom = 2000.000000
Camera.NearZoom = 20.000000
Camera.Position = -1627.006836 230.193390 585.343933
Camera.Rotation = 7.099998 67.000000 0.000000
Render.FarPlane = 5000.000000
Render.FOV = 70.000000
Render.NearPlane = 0.100000
Render.ShowEntities = false
Render.ShowSkybox = true
Render.ShowTerrain = true
Render.ShowWater = true
Render.Wireframe = false
Terrain.Amplitude = 15.000000
Terrain.Caching = true
Terrain.Frequency = 1.000000
Terrain.Lacunarity = 0.200000
Terrain.Octives = 4.000000
Terrain.Persistance = 3.000000
Terrain.Scale = 0.005000
Terrain.Seed = 12637
Terrain.TerrainHeight = 50.000000
Terrain.Threaded = true
Time.DayNightSpeed = 1.000000
Time.InHours = 14.703157
